train_loss
[5.38468759 4.94029667 4.76186967 4.74659896 4.7343091  4.67773215
 4.66827326 4.53146812 4.5371527  4.49793353 4.49928425 4.46432363
 4.4454977  4.44070926 4.40154475 4.36428982 4.31738036 4.26081393
 4.30261565 4.27651337 4.23450252 4.20700344 4.23299914 4.21994743
 4.1420869  4.1889372  4.04493912 4.1010622  4.15075783 4.02608196
 4.03863383 3.99423554 4.06956474 3.93863053 3.96798181 3.95906094
 3.94624312 3.91016698 3.93405675 3.85006903 3.89267269 3.85896373
 3.89821173 3.86563892 3.84471879 3.88691239 3.85337124 3.83871199
 3.80063857 3.82529145 3.77486944 3.69615406 3.75918406 3.77731211
 3.72462076 3.73575868 3.70480356 3.75629078 3.69930499 3.72628361
 3.63032596 3.66344438 3.67425567 3.66628191 3.68082125 3.66080531
 3.64305373 3.59340385 3.61305061 3.57666234 3.5854121  3.64407635
 3.57285974 3.51180973 3.51025069 3.5889993  3.579505   3.56974888
 3.54795571 3.52114517 3.57528528 3.50983076 3.56105678 3.54260331
 3.51496144 3.50235058 3.50357154 3.46879287 3.49703472 3.52281854
 3.52511291 3.43517458 3.46201013 3.42827558 3.51342981 3.46220235
 3.45812903 3.44524574 3.435775   3.37315835 3.41626324 3.43091404
 3.42125551 3.44456225 3.43873238 3.41614776 3.38443224 3.40011565
 3.37681588 3.41674441 3.40455956 3.37683378 3.38906647 3.39157283
 3.32863981 3.39073748 3.3967192  3.36733741 3.38131542 3.33405269
 3.33721313 3.39717931 3.32264725 3.38082494 3.35693171 3.38150731
 3.33828404 3.32974964 3.32319632 3.33028618 3.30973143 3.30958628
 3.2896715  3.31914387 3.36415612 3.31328999 3.2959424  3.30620029
 3.30152797 3.2964774  3.27973131 3.31979521 3.29562727 3.33584101
 3.32186305 3.3197843  3.25922759 3.23304385 3.30806309 3.28010927
 3.30250913 3.29677659 3.30875582 3.26465727 3.27123259 3.27639683
 3.34502867 3.22013294 3.24371936 3.28190863 3.23782907 3.25418123
 3.23004648 3.20413271 3.24657719 3.24871831 3.24095503 3.22237145
 3.20743507 3.18721291 3.22036591 3.20103467 3.19173409 3.2002225
 3.22047947 3.23854105 3.21880659 3.22332814 3.20870223 3.19915045
 3.18049357 3.2180195  3.20292764 3.16238135 3.16910481 3.17627377
 3.18778187 3.17263881 3.15689639 3.16419148 3.16582844 3.16766069
 3.19106589 3.19032148 3.20332359 3.208094   3.16087299 3.15514089
 3.1462163  3.1567641  3.14146816 3.15877222 3.17574974 3.21256566
 3.15151793 3.15688461 3.15708108 3.1934912  3.16460242 3.12296352
 3.16053711 3.1669478  3.15675952 3.1455058  3.14733305 3.12780553
 3.11393814 3.14689522 3.12360887 3.101777   3.14867461 3.10693203
 3.14402889 3.10688984 3.12156499 3.09798218 3.11342958 3.13948006
 3.12148865 3.11615741 3.13014896 3.08317155 3.14821545 3.1231123
 3.11546927 3.09190795 3.08870279 3.07660332 3.08621009 3.08698564
 3.11141504 3.10450774 3.12584602 3.09443051 3.05101222 3.10837783
 3.02292403 3.08364728 3.03963117 3.08117549 3.05446804 3.10344391
 3.06276519 3.09728389 3.07959558 3.06890243 3.08009488 3.03473952
 3.08202621 3.08082134 3.10118989 3.03800264 3.04694939 3.03423615
 3.0890937  3.06011767 3.05494458 3.10131056 3.05119351 3.07377469
 3.10443102 3.01578575 3.09330159 2.99017996 3.00213578 3.0532782
 3.02545893 3.06426422 3.05135445 3.05631269 3.03899837 2.99613508
 3.07519461 3.08229455 3.02097444 3.0405051  3.01432135 3.03985138
 2.98610856 3.05238365 3.0498925  3.02831979 2.9624058  3.00367803
 3.05159489 3.01480538 2.98740728 3.01633532 3.02294473 3.05140152
 3.02346053 3.00196635 3.04463    3.03438641 3.00509707 3.05286747
 3.01754686 3.00270307 3.05548849 3.0520997  3.0076713  3.02192251
 2.99397554 2.99382198 2.99676141 2.99677719 3.0221399  2.995851
 2.96820395 2.98439751 2.98767102 3.0235553  2.99527492 2.99551456
 3.04326158 2.96507617 2.98631714 2.9638154  2.98677736 2.98959006
 3.0216027  2.98187765 3.00067808 2.96908568 2.91997798 3.0204477
 3.00910049 2.99364181 2.97796463 2.97650043 2.96061048 2.98236839
 2.98338571 2.9441198  2.95480346 2.95923261 2.95463037 2.99862425
 2.99197271 2.95882313 2.98525647 2.99209522 2.94731069 2.95078499
 3.00642615 3.01440213 2.95587689 3.06168961 2.99651909 2.95952697
 2.97465873 2.94084529 2.95133758 3.00293373 2.9837426  2.9470671
 2.97021233 2.95738941 2.9649074  2.99646028 2.97006401 2.92195964
 2.96755774 2.92867599 2.97190344 3.02620632 2.94272703 2.95969049
 2.95649721 2.96841704 2.94424177 2.9835315  2.95027406 2.94253693
 2.929772   2.93845649 2.93059532 2.94424363 2.94522731 2.96023858
 2.94145664 2.93591418 2.9131529  2.93387013 2.96561256 2.97375973
 2.94576299 2.94765454 2.97157756 2.96939723]
test_loss
[5.58480998 4.52631734 4.70925705 4.29641694 4.68812435 6.0176614
 4.61878736 5.17794242 5.02669779 5.12914006 4.3284603  4.39048422
 4.04162202 4.40790973 5.32413241 3.96955803 4.88140907 5.07830886
 5.0185149  4.13183374 3.9437718  4.43620796 3.56810656 4.20708121
 3.52143014 3.67790042 4.66900933 4.81924436 3.68058671 4.15732959
 4.22477712 3.62423838 3.76003264 4.90587918 4.67061445 5.31741148
 4.88973894 3.33979649 3.97863051 3.31786238 3.39277829 4.40986572
 3.3109572  4.45915761 3.37423589 3.44801351 4.25016224 3.30136602
 4.50915118 3.55143274 3.15588734 3.10156529 3.77276219 3.59808299
 3.00493078 3.80361571 3.51662038 4.10341773 3.36176782 4.71631569
 3.97739729 3.13610312 3.64358864 3.31194744 3.24321554 4.01503818
 3.21374311 3.18048475 3.95154107 4.58984439 3.38156525 3.90195135
 3.16935156 3.30441226 3.43710914 3.68244016 2.99394064 3.67986896
 3.17494274 3.79103336 2.90103466 4.09552911 3.27461473 3.53001459
 5.10983472 3.98836052 3.08453743 3.73095017 3.23990845 3.4955417
 2.89371895 4.03698207 3.35916844 3.29792612 3.30683886 3.59372048
 3.00780104 3.14063642 3.12224993 4.72754262 3.32073821 3.10168783
 2.97389418 3.44029901 2.96585581 3.47984092 2.9874931  3.25740209
 3.07325323 3.39618997 3.81744024 4.94043001 3.81447974 3.11671654
 4.0670391  4.68861179 3.29534839 3.04005748 3.03202542 3.88327325
 3.1592686  3.29093692 3.96502276 3.21513619 4.56310832 2.99003658
 3.11773865 2.86231294 4.27895551 4.90707775 3.74146523 4.52445636
 3.06467868 2.91525394 3.48761441 2.72869678 3.69349972 2.87524001
 4.11754116 3.39346668 2.83661385 3.39883495 5.65606225 3.65410648
 2.8458431  3.56585006 2.88674202 3.91407994 2.79429102 3.18137089
 3.03093852 4.00717568 3.04759376 3.68828718 3.04844498 3.47981871
 2.98387361 2.99589307 4.14178981 3.04278921 3.78465501 2.93362734
 3.06360463 4.54359482 3.71835441 3.06074392 3.14357054 3.28276625
 3.11740666 3.5295899  2.84270639 3.17067577 3.19539765 3.53762489
 2.80447667 3.84463525 2.83807893 3.29507599 2.82206393 3.53774496
 2.96342119 3.31710564 3.34580705 2.74816746 3.95117559 5.11158064
 3.21683218 3.50764726 3.57157878 3.03792494 3.08161152 4.00754245
 3.00639628 2.975727   3.77454637 3.18745129 2.96008742 3.1869947
 2.8605192  3.15768041 3.37942485 2.89671335 3.28364515 3.4563224
 4.28093193 4.46193034 3.13775437 3.5794801  3.13878269 3.96038791
 2.970157   3.47816279 2.79110858 7.3435707  2.86503198 3.27814392
 2.93375505 3.54970476 2.97301148 2.82277968 4.15875237 2.93670839
 3.1190224  2.8641909  3.40428056 2.76293232 3.36401501 2.83326308
 3.58810053 2.77512587 3.25236147 2.70264189 3.60062507 3.15476947
 3.00464733 3.55792555 3.20984603 2.91332377 3.4637399  2.88945743
 3.12744956 2.97793916 3.37370139 2.88468559 4.025405   4.03534151
 2.76083775 3.59568477 2.97548991 3.47479591 4.65733908 3.64169552
 4.57471074 3.84918519 2.97749365 5.17377197 3.05676248 3.43095237
 2.79905804 4.15406822 3.01920986 2.68858516 3.79445915 5.28207715
 3.58805378 2.74977883 3.51273499 3.27545244 2.80473294 3.15190418
 2.65371393 3.34155784 3.14370927 2.65610271 4.01338557 4.10489665
 3.75948313 3.12868747 3.34259751 2.74984936 3.10150712 2.99666979
 2.87701021 3.52188018 3.04429351 2.85094544 3.48803863 2.8638363
 3.02919541 2.87549016 3.31937958 4.39689268 2.7003731  3.4216107
 2.98512033 3.47370323 2.94718821 2.87153748 3.51056757 4.66630418
 2.84872498 4.43630978 3.94469605 4.3847476  2.96344791 3.47885075
 4.85809945 3.54112493 2.86909236 5.51881827 3.54450723 2.75481035
 3.21157438 3.26440769 2.99622324 2.77846246 4.0647011  3.00344644
 2.81403967 3.065449   2.96228079 2.87506576 3.43026641 2.86036042
 3.58632597 4.7932787  2.92097618 3.06261309 2.86469703 3.34978725
 3.74902472 2.70250073 3.28495605 3.18032401 3.7644126  2.73938702
 3.26340341 2.77828927 3.73810814 2.80383825 3.69055783 2.77950875
 3.54321619 2.93907535 5.7134385  3.67085442 2.79041641 2.99950203
 2.75522014 2.99560946 3.65443773 2.78873464 3.42622291 2.77969635
 3.5239841  2.7976993  4.78433134 3.04940859 3.42400112 5.24680905
 4.12447011 2.95899001 3.47560118 2.69092637 3.59205009 3.08554467
 3.01072944 2.94692073 3.57565012 2.8736674  3.31874105 2.99575045
 3.02114743 2.9112107  2.94610896 3.07935607 2.84920024 2.95198133
 5.63432734 2.92847137 4.15726831 3.1576191  2.75692646 3.29825517
 2.75149237 3.34258353 3.06812029 2.91134113 3.71060992 2.87053822
 3.46579901 2.85600124 3.11803865 4.21940871 2.90355663 3.486122
 2.7783764  3.6045988  4.32865619 3.86048699]