Train loss: 
[5.077004   4.65939264 4.43011209 4.38565671 4.30225567 4.25371809
 4.21221116 4.18437591 4.08346016 4.05000571 4.00297355 3.92431362
 3.88974642 3.88849916 3.82636996 3.84527835 3.80298384 3.76797811
 3.73106582 3.73309897 3.79015797 3.69145324 3.69888521 3.6513648
 3.65017734 3.59866801 3.62499767 3.6059977  3.56811643 3.56271676
 3.54343829 3.53307457 3.49287142 3.52049542 3.47224013 3.54255426
 3.48747205 3.49827533 3.49972982 3.46796279 3.43156015 3.45208485
 3.45758357 3.40069047 3.38635999 3.39646806 3.40450861 3.45192523
 3.39213511 3.40142932 3.36675454 3.35396139 3.35228438 3.38400564
 3.37761389 3.26962609 3.31393163 3.31866016 3.31298814 3.28846994
 3.31720118 3.29911158 3.27679342 3.25007708 3.26147171 3.25220203
 3.24670408 3.2298777  3.27838708 3.24519559 3.24604766 3.21552603
 3.23378554 3.17652452 3.22687568 3.23394357 3.22119878 3.18914215
 3.18489253 3.19850093 3.17104048 3.19013241 3.21039906 3.204889
 3.1914632  3.18124613 3.12749735 3.16185007 3.18484102 3.10178374
 3.15201408 3.12715741 3.1425126  3.1502395  3.08152183 3.08740085
 3.12902099 3.11853424 3.11689433 3.16261929 3.10686699 3.10823481
 3.12452192 3.11953954 3.11925302 3.07648961 3.08212643 3.05432715
 3.05515842 3.10618045 3.09352491 3.06276423 3.04691882 3.03871531
 3.06653059 3.03348407 3.05385379 3.04820117 3.05526111 3.0437374
 3.04172046 3.04013431 2.9918329  3.06700353 2.99437088 2.98208157
 3.02927703 3.01103912 3.01901872 2.97882728 3.01714321 3.00784283
 2.97597814 2.98198218 2.98718257 2.97744699 2.97921328 2.98349826
 2.98411715 2.99992733 2.94417674 2.96787915 2.97348801 2.94538586
 2.98971262 2.96661052 2.95773624 2.90893722 2.96659858 2.92856339
 2.94669529 2.983002   2.93262369 2.93005841 2.92006314 2.93433263
 2.95031491 2.91464536 2.94670347 2.94371209 2.92821483 2.88984128
 2.88245741 2.92205518 2.9043436  2.92514769 2.90307328 2.91333388
 2.90315197 2.89320859 2.90916004 2.92157541 2.90141998 2.88907154
 2.92248384 2.88265838 2.89788255 2.87489804 2.84669934 2.86585933
 2.85593876 2.88120493 2.87641064 2.8814341  2.88883699 2.86134471
 2.85956465 2.83657356 2.86748338 2.82148908 2.8246439  2.84660719
 2.82952809 2.84390977 2.83148397 2.81903708 2.83059789 2.84907604
 2.82917097 2.85269807]
Test loss: 
[4.53217163 4.65712712 4.27753582 5.00028065 4.55341193 5.00044163
 4.37644923 4.19455087 4.40732575 4.34717952 3.85750684 3.94088652
 3.57336327 3.84433147 4.11393361 3.49795201 3.67040923 3.89207593
 4.20806803 4.2776132  3.76041715 3.38115615 3.55985794 3.37695121
 3.23235062 3.19305369 4.34315236 3.25214252 3.55651436 3.54984076
 3.92702113 3.32550317 4.08953896 3.94985663 3.03977258 3.42166834
 3.55603454 3.19424294 4.19825647 3.174159   3.0525236  4.85692869
 3.24640499 3.77040593 3.75896357 3.74116444 3.44996455 3.42248088
 3.03268838 3.49137309 3.67155456 3.91903855 3.29441886 3.38789183
 3.03424072 3.62679254 3.81472807 4.09134269 3.47580035 3.6277617
 3.07878529 3.45661543 3.43668166 3.43727077 3.05090362 3.51811013
 3.05987528 3.15511904 3.24730865 3.25713059 2.97734958 3.67336151
 6.38480042 3.15273841 4.66954259 4.10896785 3.44787606 4.24442711
 3.40042389 3.66342107 3.62749303 3.26901027 3.49818231 3.20722752
 3.36809838 3.75147575 3.05443463 3.18996035 3.39849039 3.342346
 3.87753686 3.79678893 3.09089916 3.18465354 3.16736435 3.09304973
 3.21853988 3.43148459 3.45018645 3.38054367 3.96184363 2.80457888
 2.94471969 3.17419737 3.31972077 3.12047989 2.73566163 3.33612948
 3.6603113  2.85652733 4.09142455 3.00162697 3.26840109 3.21335255
 2.82660947 3.77315291 3.18276829 2.907875   3.62961834 3.0786913
 3.0381128  2.95408798 2.91222223 3.20220112 3.16466957 3.81521734
 2.97717538 3.12033303 3.06063979 3.04602826 3.57649513 3.15710091
 3.04819421 3.03191987 2.95865072 3.22231241 3.0180185  3.50728339
 3.10919268 3.08337763 3.14683669 2.87830548 2.83276459 3.53460945
 3.2697002  3.16939338 2.91921105 2.77427173 3.12555023 3.11111768
 2.75858249 2.76226845 2.9251351  3.22234437 3.71580113 4.60118208
 3.21548916 3.16671958 2.86031082 2.9816281  3.04613231 3.29665107
 3.11147697 2.72423849 4.03165779 3.22997775 2.86410981 3.02626676
 2.70988603 2.84420557 4.17075242 3.80018766 2.69432519 2.8885474
 3.82552479 4.11127377 2.96286339 3.44900069 2.92813824 2.82030764
 2.88505759 3.21639225 3.32012272 3.54985024 2.97037454 3.48199753
 3.53078324 2.97434669 2.91594734 2.83500837 2.85961651 2.9508091
 3.26138405 3.22928436 2.9892545  2.97079243 3.82172219 3.44864816
 3.49834157 4.60154134]